-0.000172
-0.390797
-5.371265
-12.597827
-4.98064
14.452952
21.581858
12.011546
23.242014
19.921702
11.91389
20.214671
21.679514
26.269358
24.316233
18.456858
20.702952
27.636545
34.570139
37.499826
40.624826
45.995919
34.179514
39.550607
49.023263
54.003731
49.999825
51.464669
64.062325
64.355293
49.023263
47.656076
38.867014
32.519358
29.199045
29.394358
22.851389
14.355296
14.452952
-0.000172
8.593578
1.659984
-4.004078
-0.195484
-3.906422
-11.035328
-7.226734
-11.718921
-16.015796
-20.507983
-17.871265
-18.066577
-15.13689
-3.515797
-7.226734
-14.648609
-27.636889
-26.56267
-21.289233
-20.60564
-19.531421
-17.968921
-17.968921
-16.601733
-15.91814
-22.363452
-17.48064
-29.590014
-25.097827
-27.441577
-21.191577
-25.488452
-29.882983
-39.257982
-24.121264
-25.879077
-40.918138
-41.113451
-29.68767
-44.922044
-48.535326
-47.168138
-53.808763
-43.359545
-45.703294
-39.453295
-30.664233
-39.550951
-38.086107
-45.605638
-40.820482
-37.793139
-41.308763
-47.168138
-50.48845
-55.664231
-60.937669
-63.672043
-53.320482
-53.320482
-45.703294
-49.609544
-42.480638
-46.093919
-42.96892
-40.722826
-40.820482
-31.836108
-40.332201
-40.722826
-38.574389
-47.558763
-50.097825
-51.953294
-62.597825
-60.449387
-56.640794
-60.6447
-65.234543
-67.090012
-70.312668
-80.957199
-77.929855
-83.203292
-84.375167
-78.711105
-69.140793
-45.507982
-55.273606
-56.445481
-54.590013
-53.027513
-47.656419
-51.172044
-50.48845
-41.015795
-55.566575
-53.515794
-44.726732
-30.859545
-38.769701
-39.06267
-45.507982
-35.840014
-45.215013
-55.664231
-62.2072
-59.570481
-58.203294
-69.629074
-77.148605
-79.590011
-75.879074
-64.062668
-65.039231
-75.000168
-88.379073
-87.207198
-76.855636
-72.754074
-68.261887
-68.261887
-72.265793
-79.199386
-82.422042
-105.761885
-114.941572
-117.285322
-78.32048
39.648263
174.413881
312.597468
383.398245
388.671682
356.152153
209.667786
56.054513
3.417797
-43.164232
-68.261887
-83.105636
-66.699387
-74.511887
-86.621261
-67.480637
-81.152511
-78.711105
-83.984542
-95.507979
-81.640792
-71.679856
-81.933761
-82.617355
-79.199386
-93.945479
-90.625167
-81.738449
-84.277511
-90.918136
-93.359542
