0
-32
0
0
21
64
0
0
45
0
12
-86
14
0
3
2
3
5
4
48
27
0
0
89
14
0
0
0
0
85
34
30
27
3
3
8
5
5
0
0
0
8
64
0
0
0
0
12
-86
53
0
0
2
25
10
46
-80
56
0
0
0
14
0
0
0
0
85
34
30
27
7
3
1
4
1
0
0
0
-34
65
0
0
0
0
12
-86
25
0
0
3
8
8
5
48
25
0
0
43
14
0
0
0
0
85
34
30
27
4
4
8
11
39
4
0
0
17
64
0
0
0
0
12
-86
64
0
0
8
11
10
10
-80
2
0
11
0
14
0
0
0
0
85
34
30
27
2
3
2
3
3
0
0
0
0
64
0
0
0
0
12
-86
36
0
0
0
1
1
4
48
-47
0
0
0
14
0
0
0
0
85
34
30
27
3
6
6
15
19
-1
0
0
-18
64
0
0
1
0
12
-86
8
0
0
0
1
2
0
48
-81
0
0
72
14
0
0
0
0
85
34
30
27
0
0
1
0
1
61
0
0
16
64
0
0
0
0
12
-86
47
0
0
0
0
2
6
-80
-2
0
0
0
14
0
0
0
0
85
34
30
27
1
1
2
2
2
0
0
0
-15
64
0
0
45
0
12
-86
19
0
0
2
3
3
4
48
49
0
0
26
14
0
0
0
0
85
34
30
27
0
1
5
0
2
-30
0
0
19
64
0
0
0
0
12
-86
58
0
0
3
6
8
4
48
54
0
96
96
72
0
0
0
0
85
34
30
27
3
3
7
6
5
0
0
0
9
64
0
0
0
0
12
-86
30
0
0
0
7
6
0
48
66
0
0
0
14
0
0
0
0
85
34
30
27
2
3
4
4
4
0
0
0
-30
64
0
0
0
0
12
-86
2
0
97
3
3
4
5
48
21
0
0
43
14
0
0
0
0
85
34
30
27
2
4
28
44
3
0
0
0
17
64
3
0
0
0
12
-86
41
0
0
5
8
1
1
48
-33
0
0
114
14
64
0
0
0
85
34
30
27
3
3
3
4
5
0
0
0
2
64
5
0
0
0
12
-86
13
0
0
3
4
6
11
-80
-71
0
0
0
14
64
0
0
0
85
34
30
27
9
11
12
16
11
-1
0
0
-36
64
6
0
0
0
12
-86
52
0
0
0
1
1
2
48
-104
0
0
67
14
64
0
0
0
85
34
30
27
3
1
1
3
3
28
0
0
18
64
6
0
1
0
12
-86
24
0
0
7
7
11
