19
20
20
21
21
21
21
21
21
22
23
23
24
25
26
26
27
27
27
28
29
30
31
32
32
32
32
31
30
29
29
29
30
31
32
32
33
33
32
29
23
13
3
-6
-15
-21
-26
-28
-30
-30
-31
-32
-32
-31
-29
-26
-22
-17
-13
-9
-6
-4
-3
-2
-1
-1
0
1
2
3
5
6
7
9
10
12
13
14
15
16
17
17
17
18
19
19
18
17
17
16
16
16
17
18
18
19
19
19
19
19
19
19
19
18
18
19
20
21
21
20
15
7
-2
-12
-22
-30
-35
-39
-41
-42
-42
-42
-40
-39
-37
-34
-31
-26
-22
-18
-15
-12
-11
-10
-9
-7
-6
-5
-3
-2
-1
0
0
0
1
1
0
0
2
5
8
11
13
14
16
17
18
19
20
20
21
21
21
21
21
22
23
24
24
24
23
22
21
21
21
22
23
24
23
20
14
4
-6
-17
-26
-34
-40
-43
-45
-45
-45
-44
-43
-41
-38
-35
-32
-28
-25
-21
-18
-16
-14
-13
-11
-11
-10
-9
-7
-5
-3
-1
0
0
0
0
2
4
6
7
9
11
12
14
15
16
16
17
17
17
17
17
17
18
18
18
19
19
19
20
20
20
20
20
20
20
20
20
20
19
16
8
-2
-14
-25
-34
-41
-47
-50
-51
-50
-49
-46
-43
-40
-36
-31
-26
-20
-15
-10
-6
-3
-1
0
0
0
1
2
2
2
3
4
4
5
5
6
5
5
5
5
6
6
7
7
8
8
9
10
11
12
13
13
14
15
15
16
17
17
18
18
19
19
19
20
20
20
19
19
16
12
4
-5
-15
-24
-32
-39
-44
-46
-48
-47
-46
-44
-42
-38
-35
-31
-27
-24
-21
-18
-16
-14
-14
-13
-12
-11
-10
-9
-9
-8
-7
-6
-4
-1
0
2
3
4
4
5
5
6
7
7
6
6
5
5
4
4
4
4
5
5
6
7
9
11
12
14
14
14
14
14
15
16
16
16
16
14
10
3
-4
-14
-22
-29
-35
-39
-40
-40
-38
-35
-32
-29
-27
-24
-20
-17
-14
-11
-9
-8
-7
-6
-6
-5
-5
-5
-4
-4
-3
-2
-1
-1
0
0
0
0
1
1
2
3
3
4
5
5
5
5
6
7
9
10
10
11
11
12
13
13
13
14
14
14
15
16
18
21
23
25
26
26
24
20
13
3
-6
-16
-24
-31
-36
-39
-41
-42
-42
-41
-39
-37
-34
-30
-27
-24
-22
-20
-19
-18
-17
-16
-16
-15
-14
-13
-12
-10
-9
-7
-6
-4
-3
0
1
3
6
8
9
11
12
13
14
14
15
15
15
15
14
14
13
13
12
11
11
11
11
12
12
14
15
17
19
21
22
23
23
24
23
20
14
6
-4
-14
-23
-31
-37
-41
-43
-45
-46
-46
-46
-45
-42
-39
-36
-32
-29
-26
-23
-20
-18
-15
-13
-11
-10
-8
-6
-4
-2
-1
0
1
3
4
6
8
9
10
11
11
10
8
6
4
2
0
-1
-2
-3
-3
-3
-3
-2
-2
-1
0
0
0
0
1
1
0
0
0
-1
-1
0
0
-2
-6
-12
-20
-28
-35
-41
-46
-49
-50
-51
-50
-48
-45
-42
-40
-36
-33
-31
-28
-25
-23
-21
-20
-19
-18
-17
-16
-15
-13
-10
-7
-2
1
5
9
12
14
16
19
21
23
24
24
24
24
23
23
23
23
23
24
25
25
25
25
25
25
25
24
23
21
19
18
16
